0 0.16875 0.79609375 0.075 0.0828125
0 0.2484375 0.8234375 0.090625 0.1
0 0.309375 0.82421875 0.084375 0.0984375
0 0.20703125 0.646875 0.1609375 0.13125
0 0.80546875 0.540625 0.0640625 0.06875
0 0.86796875 0.7328125 0.1296875 0.134375
0 0.94765625 0.71171875 0.0828125 0.1078125
0 0.9671875 0.8265625 0.065625 0.09375
0 0.83515625 0.83359375 0.0703125 0.0609375
0 0.53984375 0.70703125 0.0859375 0.1203125
0 0.4296875 0.48515625 0.078125 0.0859375
0 0.053125 0.61484375 0.08125 0.0953125
0 0.1203125 0.85078125 0.096875 0.1078125
0 0.35546875 0.47421875 0.0921875 0.1421875