1 0.57109375 0.38828125 0.8578125 0.6421875
0 0.84140625 0.61015625 0.0296875 0.0140625
0 0.78046875 0.68046875 0.2078125 0.0609375
0 0.28984375 0.59453125 0.0453125 0.0234375
0 0.56171875 0.646875 0.0171875 0.009375
0 0.453125 0.640625 0.059375 0.028125
0 0.153125 0.590625 0.025 0.01875
0 0.2078125 0.60703125 0.028125 0.0234375
0 0.53046875 0.66796875 0.0671875 0.0421875
0 0.73515625 0.70546875 0.0296875 0.0203125
0 0.2484375 0.62109375 0.03125 0.0234375
0 0.31171875 0.6359375 0.0609375 0.040625
0 0.3703125 0.65390625 0.05 0.0296875
0 0.83984375 0.746875 0.0171875 0.015625