0 0.3546875 0.253125 0.01875 0.04375
0 0.4421875 0.2546875 0.025 0.071875
0 0.49375 0.2640625 0.025 0.059375
0 0.69375 0.26875 0.021875 0.05
0 0.5609375 0.275 0.015625 0.04375
0 0.625 0.28125 0.01875 0.05
0 0.375 0.2953125 0.025 0.078125
0 0.303125 0.303125 0.021875 0.04375
0 0.5859375 0.309375 0.021875 0.040625
0 0.5203125 0.3203125 0.015625 0.046875
0 0.7109375 0.3296875 0.025 0.05625
0 0.3328125 0.3359375 0.01875 0.059375
0 0.64375 0.3578125 0.03125 0.115625
0 0.4 0.3609375 0.025 0.08125
0 0.471875 0.365625 0.03125 0.121875
0 0.5515625 0.3796875 0.025 0.065625
0 0.3578125 0.396875 0.01875 0.0625
0 0.6859375 0.4109375 0.01875 0.05625
0 0.5890625 0.4234375 0.025 0.0875
0 0.4421875 0.4515625 0.028125 0.071875