0 0.390625 0.2359375 0.028125 0.046875
0 0.4765625 0.25 0.03125 0.075
0 0.52734375 0.265625 0.0328125 0.0625
0 0.725 0.29765625 0.025 0.0515625
0 0.5921875 0.28671875 0.021875 0.0453125
0 0.6546875 0.30078125 0.025 0.0515625
0 0.40546875 0.2796875 0.0359375 0.08125
0 0.334375 0.278125 0.028125 0.046875
0 0.61171875 0.3234375 0.0265625 0.040625
0 0.5453125 0.32578125 0.021875 0.0484375
0 0.73203125 0.3625 0.0296875 0.059375
0 0.35859375 0.31484375 0.0265625 0.0609375
0 0.6625 0.3796875 0.046875 0.11875
0 0.42109375 0.35 0.0359375 0.084375
0 0.490625 0.3640625 0.046875 0.121875
0 0.56875 0.3890625 0.03125 0.06875
0 0.37421875 0.37890625 0.0234375 0.0640625
0 0.69765625 0.43984375 0.0265625 0.0578125
0 0.5984375 0.43828125 0.034375 0.0890625
0 0.45 0.44375 0.0375 0.075