0 0.6296875 0.33046875 0.134375 0.2015625
0 0.1890625 0.4078125 0.20625 0.5875
0 0.28203125 0.4703125 0.0609375 0.175
0 0.45625 0.53515625 0.040625 0.0546875
0 0.4953125 0.553125 0.0375 0.1
0 0.56796875 0.56328125 0.0765625 0.0953125
0 0.34453125 0.6265625 0.1453125 0.171875
1 0.85703125 0.57578125 0.0578125 0.1296875
1 0.80390625 0.62890625 0.0921875 0.1609375
1 0.15703125 0.75078125 0.2546875 0.1265625
1 0.2515625 0.86796875 0.41875 0.2203125
0 0.44140625 0.14609375 0.1328125 0.2546875
1 0.23671875 0.278125 0.1078125 0.228125
0 0.29375 0.29296875 0.075 0.1921875