0 0.4453125 0.3609375 0.065625 0.165625
1 0.70625 0.3640625 0.45625 0.146875
0 0.9609375 0.403125 0.034375 0.1875
0 0.31875 0.4625 0.18125 0.4125
0 0.6484375 0.5265625 0.271875 0.165625
0 0.8625 0.5625 0.15 0.10625
0 0.6609375 0.6734375 0.053125 0.053125
0 0.4375 0.7078125 0.06875 0.146875
1 0.290625 0.7359375 0.0625 0.128125
0 0.2 0.7421875 0.1125 0.134375
0 0.2875 0.8375 0.06875 0.075
0 0.8740937499999999 0.722234375 0.055343750000000004 0.146625
0 0.576734375 0.12271875000000002 0.835625 0.23275