0 0.1265625 0.73984375 0.065625 0.0734375
0 0.2 0.7796875 0.078125 0.090625
0 0.2609375 0.790625 0.071875 0.090625
0 0.1875 0.59921875 0.146875 0.1109375
0 0.79609375 0.58828125 0.0546875 0.0609375
0 0.82734375 0.7875 0.1140625 0.11875
0 0.909375 0.77890625 0.06875 0.0984375
0 0.940625 0.90078125 0.11875 0.0765625
0 0.77890625 0.88203125 0.0640625 0.0515625
0 0.50625 0.71171875 0.06875 0.1109375
0 0.4328125 0.47421875 0.06875 0.0765625
0 0.040625 0.54296875 0.06875 0.0859375
0 0.06875 0.7875 0.084375 0.096875
0 0.36171875 0.45234375 0.0734375 0.1328125