0 0.63984375 0.10703125 0.153125 0.20625
0 0.359375 0.6984375 0.040625 0.109375
0 0.41796875 0.7390625 0.0328125 0.0859375
0 0.25390625 0.70078125 0.040625 0.059375
0 0.5859375 0.684375 0.0640625 0.0765625
0 0.49296875 0.7203125 0.0484375 0.0546875
0 0.5171875 0.63828125 0.0359375 0.05625
0 0.64921875 0.6890625 0.0546875 0.0640625
0 0.79140625 0.6375 0.1625 0.1640625
0 0.72890625 0.94453125 0.01875 0.0296875
0 0.184375 0.9296875 0.0453125 0.053125
0 0.57109375 0.9421875 0.021875 0.0484375
0 0.8609375 0.9515625 0.078125 0.09375
0 0.59765625 0.53203125 0.0390625 0.0421875
0 0.6828125 0.5265625 0.015625 0.0359375
0 0.6515625 0.546875 0.0125 0.021875
0 0.63203125 0.5421875 0.0078125 0.0296875
0 0.35546875 0.9453125 0.0203125 0.01875