0 0.359375 0.23671875 0.028125 0.0484375
0 0.53046875 0.26640625 0.0234375 0.0703125
0 0.4796875 0.28671875 0.021875 0.0484375
0 0.6078125 0.28125 0.04375 0.1
0 0.3515625 0.31171875 0.025 0.0421875
0 0.671875 0.30234375 0.021875 0.0484375
0 0.390625 0.32578125 0.021875 0.0390625
0 0.4578125 0.33671875 0.021875 0.0515625
0 0.27265625 0.36328125 0.0328125 0.0640625
0 0.64375 0.33828125 0.025 0.0484375
0 0.34375 0.38203125 0.028125 0.0984375
0 0.5078125 0.37265625 0.040625 0.1359375
0 0.578125 0.36796875 0.025 0.0921875
0 0.43046875 0.39453125 0.0359375 0.0796875
0 0.62265625 0.40390625 0.0234375 0.0640625
0 0.3015625 0.44453125 0.021875 0.0484375
0 0.39296875 0.44609375 0.0359375 0.0796875
0 0.54375 0.45546875 0.0375 0.0859375