1 0.7828125 0.3390625 0.23125 0.44375
1 0.353125 0.46015625 0.353125 0.3328125
1 0.93828125 0.43359375 0.1234375 0.2171875
1 0.60859375 0.61796875 0.1578125 0.1390625
1 0.76640625 0.6234375 0.1796875 0.146875
0 0.34140625 0.7 0.1546875 0.190625
0 0.48046875 0.72265625 0.1515625 0.1890625
0 0.92734375 0.6765625 0.1453125 0.29375
0 0.23359375 0.7859375 0.1640625 0.1875
0 0.6296875 0.7515625 0.1625 0.171875
0 0.7921875 0.75859375 0.1875 0.1609375
1 0.10703125 0.87421875 0.1359375 0.1359375
1 0.37421875 0.85390625 0.1328125 0.1421875
1 0.503125 0.8640625 0.146875 0.125
1 0.24765625 0.9203125 0.1515625 0.11875
1 0.64765625 0.8875 0.1515625 0.11875
1 0.8046875 0.8875 0.178125 0.13125